26511,055410197901,12,114437,80,20755666
26511,055410197901,09,429,400,650100
26602,055410197901,12,1515,850,441856
26602,055410197901,09,26,400,56600
26911,055410197901,12,6,850,24350
26911,055410197901,09,5,800,6200
26912,055410197901,12,2,2000,5100
26912,055410197901,09,3,400,5000
26914,055410197901,12,6,2700,5568
26914,055410197901,09,3,400,5000
26915,055410197901,12,150,45,20250
26926,055410197901,12,120,50,18000
26929,055410197901,12,5,3100,9728
26929,055410197901,09,4,2000,5400
26931,055410197901,12,3,2000,10000
26931,055410197901,09,3,400,5000
26932,055410197901,12,2,2000,6000
26932,055410197901,09,3,400,5000
26933,055410197901,12,5,3100,9728
26933,055410197901,09,4,400,5500
26935,055410197901,12,32,4500,16500
26936,055410197901,12,121,4000,23200
26937,055410197901,12,150,150,31500
26938,055410197901,12,240,150,46500
26939,055410197901,12,1,8000,8000
26940,055410197901,12,180,135,29700
26941,055410197901,12,4,1212,9312
26941,055410197901,09,4,2000,5400
26942,055410197901,12,2,1100,2414
26942,055410197901,09,2,400,800
26943,055410197901,12,1,1314,1314
26943,055410197901,09,2,400,2400
26945,055410197901,12,43502,80,8652376
26945,055410197901,09,284,400,440400
26947,055410197901,12,2,1800,4800
26947,055410197901,09,3,400,5000
26949,055410197901,12,3,3000,33000
26949,055410197901,09,9,2000,14400
26950,055410197901,12,4,850,8650
26950,055410197901,09,4,2000,5400
26959,055410197901,12,5,1800,8800
26959,055410197901,09,4,2000,5400
26960,055410197901,12,10,3000,32000
26960,055410197901,09,11,400,25600
26961,055410197901,12,4,1100,6800
26961,055410197901,09,4,400,5400
26962,055410197901,12,5,2000,32000
26962,055410197901,09,4,400,5500
26963,055410197901,12,4,850,7950
26963,055410197901,09,4,2000,5400
26964,055410197901,12,5,20000,32000
26964,055410197901,09,4,400,5500
26965,055410197901,12,5,1100,8800
26965,055410197901,09,4,2000,5400
26966,055410197901,09,3,2800,8400
26967,055410197901,12,5,850,9250
26967,055410197901,09,4,2000,5400
26968,055410197901,12,3,850,5550
26968,055410197901,09,3,400,5000
26969,055410197901,12,2,1314,11314
26969,055410197901,09,7,2000,9200
26970,055410197901,12,3,2700,5700
26970,055410197901,09,3,400,5000
26971,055410197901,12,2,1314,11314
26971,055410197901,09,4,400,6400
26972,055410197901,12,3,2700,5328
26972,055410197901,09,6,400,12800
26977,055410197901,12,13,2700,114100
26977,055410197901,09,19,400,67900
26978,055410197901,12,1,1314,1314
26978,055410197901,09,1,400,400
26979,055410197901,12,2,850,3550
26979,055410197901,09,3,400,5000
26980,055410197901,12,2,1100,2414
26980,055410197901,09,3,2800,3600
26981,055410197901,12,3,1500,6200
26981,055410197901,09,4,2000,5400
26982,055410197901,12,11,2800,56800
26982,055410197901,09,10,400,35800
26984,055410197901,12,5,1100,8428
26984,055410197901,09,4,2000,5400
26985,055410197901,12,3,2000,4628
26985,055410197901,09,3,500,5100
26986,055410197901,12,8,1100,9656
26990,055410197901,12,5,1100,8428
26990,055410197901,09,4,2000,5400
26992,055410197901,12,3,2700,5328
26992,055410197901,09,10,400,35500
26993,055410197901,12,6,1100,11012
26993,055410197901,09,5,400,5800
26994,055410197901,12,6,850,28164
26994,055410197901,09,5,2000,5800
26995,055410197901,12,4,1100,6626
26995,055410197901,09,10,400,25600
26996,055410197901,12,2,2700,5800
26996,055410197901,09,3,400,5000
26997,055410197901,12,3,2700,5328
26997,055410197901,09,3,400,5000
26999,055410197901,12,4,1212,6540
26999,055410197901,09,4,2000,5400
27000,055410197901,12,3,2000,10000
27000,055410197901,09,3,400,5000
27001,055410197901,12,3,2700,5328
27001,055410197901,09,5,400,10600
27003,055410197901,12,3,2700,5328
27003,055410197901,09,3,500,5100
27004,055410197901,12,3,2700,5328
27004,055410197901,09,3,500,5100
27005,055410197901,12,3,2700,5328
27005,055410197901,09,3,400,5000
27006,055410197901,12,9,850,18478
27006,055410197901,09,6,400,6200
27007,055410197901,12,1,1314,1314
27007,055410197901,09,1,400,400
27008,055410197901,12,9,2000,16200
27008,055410197901,09,6,400,8400
27009,055410197901,12,5,1100,7728
27009,055410197901,09,4,2000,5400
27010,055410197901,12,5,1100,29100
27010,055410197901,09,5,2000,5800
27011,055410197901,12,2,2700,5800
27011,055410197901,09,3,400,5000
27012,055410197901,12,6,1314,16028
27012,055410197901,09,5,2000,7900
27013,055410197901,12,3,2000,10000
27013,055410197901,09,5,500,15100
27014,055410197901,12,4,2000,14628
27014,055410197901,09,4,2000,5400
27015,055410197901,12,5,1212,9240
27015,055410197901,09,10,400,34100
27016,055410197901,12,6,1100,22414
27016,055410197901,09,14,500,34600
27017,055410197901,12,3,2000,4628
27017,055410197901,09,3,500,5100
27022,055410197901,12,4,120,3120
27022,055410197901,09,4,400,7000
27023,055410197901,12,5,20000,32000
27023,055410197901,09,4,2000,5400
27024,055410197901,12,6,850,9562
27024,055410197901,09,5,400,5800
27046,055410197901,09,1,2800,2800
27047,055410197901,12,5,1212,9540
27047,055410197901,09,12,2000,44500
27048,055410197901,12,1,1314,1314
27048,055410197901,09,1,400,400
27061,055410197901,12,180,50,30000
27062,055410197901,12,60,150,9000
27063,055410197901,12,150,50,24000
27064,055410197901,12,180,200,25500
27065,055410197901,12,90,250,10500
27066,055410197901,12,90,50,12000
27067,055410197901,12,330,200,52500
27068,055410197901,12,60,100,7500
27069,055410197901,12,150,200,16500
27070,055410197901,12,30,250,7500
27071,055410197901,12,60,150,9000
27072,055410197901,12,210,200,36000
27073,055410197901,12,60,150,9000
27074,055410197901,12,187,3800,77600
27075,055410197901,12,180,150,34500
27086,055410197901,12,45,300,7980
27087,055410197901,12,2,1100,2414
27087,055410197901,09,10,400,32400
27088,055410197901,12,4,850,9550
27088,055410197901,09,4,2000,5400
27097,055410197901,12,6,1100,11312
27097,055410197901,09,5,2000,5800
27098,055410197901,12,5,1100,8428
27098,055410197901,09,4,400,5500
27108,055410197901,12,2,1100,3800
27108,055410197901,09,5,2600,7400
27109,055410197901,12,2,1100,2414
27109,055410197901,09,2,400,800
27111,055410197901,12,2,1314,3314
27111,055410197901,09,6,400,11000
27115,055410197901,12,10,2700,32128
27115,055410197901,09,16,2600,35800
27116,055410197901,12,4,2700,15328
27116,055410197901,09,4,400,5500
27117,055410197901,12,4,850,6164
27117,055410197901,09,4,2000,5400
27118,055410197901,12,2,1100,2414
27118,055410197901,09,2,400,800
27126,055410197901,12,2,1800,3800
27126,055410197901,09,3,400,5000
27127,055410197901,09,2,2800,5600
27128,055410197901,12,30,150,4500
27129,055410197901,12,60,150,10500
27130,055410197901,12,150,200,25500
27131,055410197901,12,3,5500,25500
27132,055410197901,12,120,50,16500
27133,055410197901,12,120,250,25500
27134,055410197901,12,240,250,49500
27137,055410197901,12,35,100,7500
27138,055410197901,12,9,1000,28328
27138,055410197901,09,21,500,46100
27139,055410197901,12,120,50,12000
27140,055410197901,12,19,2000,6800
27141,055410197901,12,62,4500,18000
27142,055410197901,12,152,5500,35500
27143,055410197901,12,121,3000,57000
27144,055410197901,12,8,1100,9656
27145,055410197901,12,120,100,21000
27146,055410197901,12,60,800,48000
27147,055410197901,12,120,200,24000
27161,055410197901,12,4,1100,6900
27161,055410197901,09,4,2000,5400
27162,055410197901,12,4,1100,6414
27162,055410197901,09,4,2000,5400
27164,055410197901,12,5,1100,8428
27164,055410197901,09,4,2000,5400
27165,055410197901,12,4,1800,9600
27165,055410197901,09,5,2600,7400
27168,055410197901,12,7,1100,14928
27168,055410197901,09,5,400,5800
27170,055410197901,12,4,1212,6540
27170,055410197901,09,4,2000,5400
27171,055410197901,12,4800,850,926710
27171,055410197901,09,31,400,56300
27172,055410197901,12,4782,150,848526
27172,055410197901,09,44,400,149100
27173,055410197901,12,1666,9000,251700
27174,055410197901,12,789,1100,186100
27174,055410197901,09,3,500,5100
27176,055410197901,12,1199,800,249740
27176,055410197901,09,35,400,46200
27177,055410197901,12,61723,70,15754540
27177,055410197901,09,179,400,322500
27180,055410197901,12,1,10000,10000
27180,055410197901,09,4,400,6400
27181,055410197901,12,12,850,19490
27181,055410197901,09,7,400,6600
27182,055410197901,12,2,1800,4500
27182,055410197901,09,3,400,5000
27183,055410197901,12,1,10000,10000
27183,055410197901,09,4,400,6400
27184,055410197901,12,3,2700,5700
27184,055410197901,09,3,400,5000
27186,055410197901,09,2,2800,5600
27187,055410197901,12,2,2200,4900
27187,055410197901,09,13,400,52000
27188,055410197901,12,5,2200,10528
27188,055410197901,09,5,2000,7400
27189,055410197901,12,5,1100,8428
27189,055410197901,09,4,400,5400
27190,055410197901,12,5,2200,10228
27190,055410197901,09,5,2000,5800
27191,055410197901,12,3,3000,11000
27191,055410197901,09,3,500,5100
27192,055410197901,12,5,1100,8428
27192,055410197901,09,4,2000,5400
27195,055410197901,12,6,1212,14712
27195,055410197901,09,5,2000,5800
27196,055410197901,12,3,150,7350
27196,055410197901,09,3,400,5000
27198,055410197901,12,5,150,6650
27198,055410197901,09,3,400,1200
27199,055410197901,12,5,3100,8800
27199,055410197901,09,4,2000,5400
27200,055410197901,12,3,2500,8200
27200,055410197901,09,3,500,5100
27203,055410197901,12,2,2000,4000
27203,055410197901,09,4,800,8800
27204,055410197901,12,2,1100,2414
27204,055410197901,09,9,2000,25400
27206,055410197901,12,5,1100,8114
27206,055410197901,09,5,400,5800
27208,055410197901,12,7,1212,14940
27208,055410197901,09,12,400,36000
27229,055410197901,12,120,250,33000
27233,055410197901,12,2,2200,5200
27233,055410197901,09,4,400,7800
27234,055410197901,12,6,1100,7242
27237,055410197901,12,40,1100,24056
27243,055410197901,12,4,750,7500
27243,055410197901,09,12,500,80800
27244,055410197901,12,2,2700,5800
27244,055410197901,09,3,400,5000
27245,055410197901,12,28,1000,100600
27245,055410197901,09,26,400,54600
27246,055410197901,12,4,3000,12000
27246,055410197901,09,2,2000,4600
27247,055410197901,12,4,850,8750
27247,055410197901,09,4,2000,5400
27248,055410197901,12,3,2700,5700
27248,055410197901,09,4,400,7000
27249,055410197901,12,3,1100,5414
27249,055410197901,09,5,400,5800
27250,055410197901,12,11,1212,21562
27250,055410197901,09,9,400,9200
27251,055410197901,12,7,1100,15928
27251,055410197901,09,10,500,17500
27252,055410197901,12,5,3100,8800
27252,055410197901,09,6,500,6300
27258,055410197901,12,4,1100,4828
27259,055410197901,12,4,1100,6800
27259,055410197901,09,4,2000,5400
27262,055410197901,12,1,9000,9000
27265,055410197901,12,3,2000,6000
27266,055410197901,12,30,200,6000
27269,055410197901,12,180,50,22500
27272,055410197901,12,19,1000,54840
27272,055410197901,09,13,400,18100
27278,055410197901,12,4,4000,28000
27278,055410197901,09,4,2000,5400
27284,055410197901,12,14,1100,40728
27284,055410197901,09,19,400,38400
27285,055410197901,12,5684,80,2096828
27285,055410197901,09,980,400,1128400
26511,055410197901,01,438,10800,13921000
26511,055410197901,02,665,5600,18243150
26511,055410197901,03,43,10800,1412700
26511,055410197901,05,422,2700,4863300
26511,055410197901,06,8,133400,1285100
26511,055410197901,08,30,20800,1185900
26511,055410197901,14,8,877800,10387300
26602,055410197901,01,48,19000,1626600
26602,055410197901,02,54,12600,2038550
26602,055410197901,03,2,16400,71400
26602,055410197901,05,21,2700,341800
26602,055410197901,08,1,48000,48000
26910,055410197901,01,1,35100,35100
26911,055410197901,01,1,57600,57600
26911,055410197901,02,1,24300,24300
26912,055410197901,01,1,57600,57600
26913,055410197901,02,8,12600,168400
26914,055410197901,01,1,51800,51800
26914,055410197901,02,2,43200,86400
26916,055410197901,02,3,15500,123800
26917,055410197901,01,1,35100,35100
26918,055410197901,01,1,35100,35100
26919,055410197901,01,1,35100,35100
26920,055410197901,01,1,35100,35100
26921,055410197901,01,1,35100,35100
26922,055410197901,01,1,19000,19000
26923,055410197901,01,1,19000,19000
26924,055410197901,01,1,19000,19000
26925,055410197901,02,1,64100,64100
26928,055410197901,01,1,57600,57600
26929,055410197901,01,1,57600,57600
26930,055410197901,01,1,26000,26000
26931,055410197901,01,1,57600,57600
26931,055410197901,03,3,14600,43800
26932,055410197901,01,1,57600,57600
26932,055410197901,03,3,14600,43800
26933,055410197901,01,1,57600,57600
26933,055410197901,02,1,15500,15500
26934,055410197901,01,1,19000,19000
26941,055410197901,01,1,57600,57600
26942,055410197901,01,1,57600,57600
26943,055410197901,01,1,57600,57600
26945,055410197901,01,279,10800,10619900
26945,055410197901,02,329,5600,9082810
26945,055410197901,03,32,16400,904700
26945,055410197901,08,9,20800,424700
26945,055410197901,14,4,877800,3511200
26946,055410197901,01,36,10800,577400
26946,055410197901,02,41,14600,1553100
26946,055410197901,05,170,2700,2258100
26947,055410197901,01,1,57600,57600
26948,055410197901,01,1,57600,57600
26949,055410197901,02,2,31000,103300
26949,055410197901,06,1,179100,179100
26949,055410197901,07,1,496000,496000
26950,055410197901,01,1,57600,57600
26951,055410197901,03,10,22500,225000
26952,055410197901,03,10,22500,225000
26953,055410197901,03,6,22500,135000
26954,055410197901,03,10,22500,225000
26955,055410197901,03,9,22500,202500
26956,055410197901,03,4,22500,90000
26957,055410197901,02,1,35000,35000
26958,055410197901,03,10,16000,160000
26959,055410197901,01,1,57600,57600
26960,055410197901,01,1,57600,57600
26961,055410197901,01,1,57600,57600
26962,055410197901,01,1,57600,57600
26963,055410197901,01,1,57600,57600
26964,055410197901,01,1,57600,57600
26965,055410197901,01,1,57600,57600
26965,055410197901,02,1,48000,48000
26966,055410197901,01,1,57600,57600
26966,055410197901,03,1,16400,16400
26966,055410197901,08,1,48000,48000
26967,055410197901,01,1,57600,57600
26968,055410197901,01,1,57600,57600
26968,055410197901,02,8,10200,139900
26969,055410197901,01,1,57600,57600
26969,055410197901,03,1,16400,16400
26969,055410197901,08,1,48000,48000
26970,055410197901,01,1,57600,57600
26970,055410197901,02,2,35000,77750
26971,055410197901,01,1,57600,57600
26971,055410197901,03,1,16400,16400
26971,055410197901,08,1,48000,48000
26972,055410197901,01,1,57600,57600
26973,055410197901,01,1,29800,29800
26974,055410197901,01,1,29800,29800
26975,055410197901,01,1,29800,29800
26976,055410197901,01,1,19000,19000
26977,055410197901,01,1,57600,57600
26977,055410197901,03,1,122900,122900
26977,055410197901,14,1,1170400,1170400
26978,055410197901,01,1,57600,57600
26978,055410197901,08,1,20800,20800
26979,055410197901,01,1,57600,57600
26980,055410197901,01,1,57600,57600
26980,055410197901,02,1,35000,35000
26980,055410197901,03,1,16400,16400
26980,055410197901,08,1,48000,48000
26981,055410197901,01,1,57600,57600
26982,055410197901,01,1,57600,57600
26982,055410197901,14,1,1170400,1170400
26983,055410197901,01,1,57600,57600
26984,055410197901,01,1,57600,57600
26985,055410197901,01,1,57600,57600
26985,055410197901,08,1,20800,20800
26987,055410197901,03,9,22500,202500
26988,055410197901,02,1,35000,35000
26989,055410197901,03,10,22500,225000
26990,055410197901,01,1,57600,57600
26990,055410197901,08,1,20800,20800
26991,055410197901,03,10,22500,225000
26992,055410197901,01,1,57600,57600
26992,055410197901,02,1,35000,35000
26992,055410197901,03,1,55000,55000
26993,055410197901,01,1,57600,57600
26994,055410197901,01,1,57600,57600
26995,055410197901,01,1,57600,57600
26995,055410197901,02,2,35000,87950
26995,055410197901,03,1,55000,55000
26996,055410197901,01,1,57600,57600
26997,055410197901,01,1,57600,57600
26997,055410197901,08,1,20800,20800
26998,055410197901,01,1,26000,26000
26999,055410197901,01,1,51800,51800
27000,055410197901,01,1,51800,51800
27000,055410197901,02,1,42188,42188
27000,055410197901,03,4,13100,52400
27001,055410197901,01,1,57600,57600
27001,055410197901,02,1,42750,42750
27001,055410197901,03,1,16400,16400
27001,055410197901,08,1,48000,48000
27002,055410197901,01,1,26000,26000
27003,055410197901,01,1,57600,57600
27003,055410197901,08,1,20800,20800
27004,055410197901,01,1,57600,57600
27004,055410197901,02,1,35000,35000
27005,055410197901,01,1,57600,57600
27005,055410197901,02,1,35000,35000
27006,055410197901,01,1,57600,57600
27006,055410197901,03,1,44200,44200
27006,055410197901,06,1,133400,133400
27007,055410197901,01,1,57600,57600
27007,055410197901,02,1,42750,42750
27008,055410197901,01,1,57600,57600
27009,055410197901,01,1,57600,57600
27009,055410197901,02,1,42750,42750
27010,055410197901,01,1,57600,57600
27011,055410197901,01,1,57600,57600
27012,055410197901,01,1,57600,57600
27012,055410197901,02,3,15500,89200
27013,055410197901,01,1,57600,57600
27013,055410197901,02,1,52950,52950
27013,055410197901,03,3,14600,43800
27014,055410197901,01,1,57600,57600
27014,055410197901,02,1,42750,42750
27014,055410197901,08,1,20800,20800
27015,055410197901,01,1,57600,57600
27015,055410197901,02,2,35000,70000
27015,055410197901,03,1,55000,55000
27016,055410197901,01,1,57600,57600
27016,055410197901,03,2,16400,71400
27016,055410197901,08,1,48000,48000
27017,055410197901,01,1,57600,57600
27017,055410197901,02,1,35000,35000
27017,055410197901,08,1,20800,20800
27018,055410197901,02,1,66000,66000
27019,055410197901,01,1,35100,35100
27020,055410197901,01,1,35100,35100
27021,055410197901,01,1,19000,19000
27022,055410197901,01,1,57600,57600
27022,055410197901,02,4,14000,101800
27023,055410197901,01,1,57600,57600
27024,055410197901,01,1,57600,57600
27025,055410197901,02,1,230000,230000
27026,055410197901,02,1,230000,230000
27027,055410197901,02,1,230000,230000
27028,055410197901,02,1,230000,230000
27029,055410197901,02,1,230000,230000
27030,055410197901,02,1,230000,230000
27031,055410197901,02,1,230000,230000
27032,055410197901,02,1,230000,230000
27033,055410197901,02,1,230000,230000
27034,055410197901,02,1,230000,230000
27035,055410197901,02,1,230000,230000
27036,055410197901,02,1,230000,230000
27037,055410197901,02,1,230000,230000
27039,055410197901,02,1,230000,230000
27040,055410197901,02,1,230000,230000
27041,055410197901,02,1,230000,230000
27042,055410197901,02,1,230000,230000
27043,055410197901,02,1,230000,230000
27044,055410197901,02,1,230000,230000
27045,055410197901,02,1,230000,230000
27046,055410197901,01,1,57600,57600
27046,055410197901,03,2,16400,32800
27046,055410197901,08,1,48000,48000
27047,055410197901,01,1,57600,57600
27047,055410197901,02,1,42750,42750
27047,055410197901,03,1,55000,55000
27047,055410197901,14,1,877800,877800
27048,055410197901,01,1,57600,57600
27048,055410197901,02,1,35000,35000
27048,055410197901,03,1,55000,55000
27049,055410197901,02,1,280000,280000
27050,055410197901,02,1,280000,280000
27051,055410197901,02,1,280000,280000
27052,055410197901,02,1,280000,280000
27053,055410197901,02,1,280000,280000
27054,055410197901,02,8,12600,168400
27055,055410197901,01,1,17100,17100
27056,055410197901,02,7,14000,139200
27057,055410197901,01,1,19000,19000
27058,055410197901,01,1,35100,35100
27059,055410197901,02,7,14000,139200
27060,055410197901,01,1,35100,35100
27076,055410197901,01,1,35100,35100
27077,055410197901,02,1,280000,280000
27078,055410197901,02,1,280000,280000
27079,055410197901,01,1,19000,19000
27080,055410197901,01,1,35100,35100
27081,055410197901,05,1,56200,56200
27082,055410197901,02,1,280000,280000
27083,055410197901,02,1,280000,280000
27084,055410197901,01,1,19000,19000
27085,055410197901,01,1,35100,35100
27087,055410197901,01,1,57600,57600
27087,055410197901,02,1,35000,35000
27087,055410197901,03,1,55000,55000
27088,055410197901,01,1,57600,57600
27089,055410197901,02,1,230000,230000
27090,055410197901,02,1,230000,230000
27091,055410197901,02,1,230000,230000
27092,055410197901,02,1,230000,230000
27093,055410197901,02,1,230000,230000
27094,055410197901,02,1,230000,230000
27095,055410197901,02,1,230000,230000
27096,055410197901,01,1,57600,57600
27097,055410197901,01,1,57600,57600
27098,055410197901,01,1,57600,57600
27098,055410197901,08,1,20800,20800
27099,055410197901,02,5,14600,186100
27100,055410197901,01,1,35100,35100
27101,055410197901,01,1,35100,35100
27102,055410197901,01,1,35100,35100
27103,055410197901,01,1,35100,35100
27104,055410197901,02,7,14000,162600
27105,055410197901,01,1,29800,29800
27106,055410197901,01,1,19000,19000
27107,055410197901,01,1,35100,35100
27108,055410197901,01,1,57600,57600
27108,055410197901,14,1,1170400,1170400
27109,055410197901,01,1,57600,57600
27109,055410197901,02,1,42750,42750
27109,055410197901,08,1,20800,20800
27110,055410197901,01,1,35100,35100
27111,055410197901,01,1,57600,57600
27111,055410197901,02,1,42750,42750
27111,055410197901,03,1,16400,16400
27111,055410197901,08,1,48000,48000
27112,055410197901,03,10,22500,225000
27113,055410197901,03,10,22500,225000
27114,055410197901,03,10,22500,225000
27115,055410197901,01,1,57600,57600
27115,055410197901,02,4,35000,147750
27115,055410197901,03,3,16400,126400
27115,055410197901,08,1,48000,48000
27115,055410197901,14,1,877800,877800
27116,055410197901,01,1,57600,57600
27116,055410197901,02,2,35000,71300
27116,055410197901,08,1,20800,20800
27117,055410197901,01,1,57600,57600
27118,055410197901,01,1,57600,57600
27119,055410197901,01,1,17100,17100
27120,055410197901,01,1,29800,29800
27121,055410197901,01,1,29800,29800
27122,055410197901,01,1,29800,29800
27123,055410197901,01,1,29800,29800
27124,055410197901,01,1,29800,29800
27125,055410197901,01,1,29800,29800
27126,055410197901,01,1,57600,57600
27126,055410197901,02,3,15500,89200
27126,055410197901,14,1,1463000,1463000
27127,055410197901,01,1,57600,57600
27127,055410197901,03,1,16400,16400
27127,055410197901,08,1,48000,48000
27135,055410197901,01,1,35100,35100
27136,055410197901,03,10,22500,225000
27138,055410197901,01,1,49000,49000
27138,055410197901,02,1,29750,29750
27138,055410197901,03,1,13900,13900
27138,055410197901,08,1,40800,40800
27138,055410197901,14,1,746100,746100
27148,055410197901,05,1,13900,13900
27149,055410197901,05,1,13900,13900
27150,055410197901,02,1,280000,280000
27151,055410197901,02,1,280000,280000
27152,055410197901,02,1,280000,280000
27153,055410197901,02,1,280000,280000
27154,055410197901,02,1,280000,280000
27155,055410197901,02,1,280000,280000
27156,055410197901,02,1,280000,280000
27157,055410197901,02,1,230000,230000
27158,055410197901,02,1,230000,230000
27159,055410197901,02,1,230000,230000
27160,055410197901,01,1,57600,57600
27160,055410197901,02,1,48000,48000
27161,055410197901,01,1,57600,57600
27162,055410197901,01,1,57600,57600
27162,055410197901,02,1,35000,35000
27162,055410197901,03,1,55000,55000
27163,055410197901,02,1,230000,230000
27164,055410197901,01,1,57600,57600
27164,055410197901,02,1,46875,46875
27165,055410197901,01,1,57600,57600
27165,055410197901,02,7,10200,162100
27166,055410197901,02,1,230000,230000
27167,055410197901,02,1,230000,230000
27168,055410197901,01,1,57600,57600
27169,055410197901,02,1,230000,230000
27170,055410197901,01,1,57600,57600
27171,055410197901,01,29,10800,1079300
27171,055410197901,02,43,10200,1212175
27171,055410197901,03,1,16400,16400
27171,055410197901,05,8,2700,198500
27171,055410197901,08,1,48000,48000
27171,055410197901,14,1,1463000,1463000
27172,055410197901,01,29,19000,1066400
27172,055410197901,02,59,14000,1462050
27172,055410197901,03,6,16400,128900
27172,055410197901,05,1,2700,2700
27172,055410197901,08,2,20800,68800
27172,055410197901,14,2,1170400,2633400
27173,055410197901,01,7,10800,124800
27173,055410197901,02,12,14600,474100
27173,055410197901,05,12,2700,138300
27174,055410197901,01,1,57600,57600
27174,055410197901,03,10,22500,161800
27175,055410197901,01,1,19000,19000
27175,055410197901,02,7,14600,237000
27175,055410197901,05,2,2700,19100
27176,055410197901,01,28,9200,776000
27176,055410197901,02,29,14600,1403480
27176,055410197901,03,14,14600,244800
27176,055410197901,08,2,66100,134000
27176,055410197901,14,1,877800,877800
27177,055410197901,01,214,10800,6696200
27177,055410197901,02,318,9900,8274925
27177,055410197901,03,18,10800,597400
27177,055410197901,05,177,2700,2071400
27177,055410197901,06,1,179100,179100
27177,055410197901,08,11,20800,439100
27177,055410197901,14,142,877800,11855700
27178,055410197901,01,1,57600,57600
27178,055410197901,03,1,16400,16400
27178,055410197901,08,1,48000,48000
27180,055410197901,01,1,51800,51800
27180,055410197901,03,1,14800,14800
27180,055410197901,08,1,43200,43200
27181,055410197901,01,1,51800,51800
27182,055410197901,01,1,51800,51800
27183,055410197901,01,1,51800,51800
27183,055410197901,03,1,14800,14800
27183,055410197901,08,1,43200,43200
27184,055410197901,01,1,51800,51800
27185,055410197901,01,1,51800,51800
27186,055410197901,01,1,51800,51800
27186,055410197901,03,1,14800,14800
27186,055410197901,08,1,43200,43200
27187,055410197901,01,1,57600,57600
27187,055410197901,03,1,55000,55000
27187,055410197901,08,1,20800,20800
27187,055410197901,14,1,1463000,1463000
27188,055410197901,01,1,57600,57600
27188,055410197901,02,1,42750,42750
27188,055410197901,03,1,55000,55000
27188,055410197901,08,1,67900,67900
27188,055410197901,14,1,877800,877800
27189,055410197901,01,1,57600,57600
27189,055410197901,08,1,20800,20800
27190,055410197901,01,1,57600,57600
27190,055410197901,02,1,35000,35000
27191,055410197901,01,1,57600,57600
27192,055410197901,01,1,57600,57600
27192,055410197901,03,1,55000,55000
27192,055410197901,08,1,67900,67900
27192,055410197901,14,1,877800,877800
27193,055410197901,02,1,230000,230000
27194,055410197901,02,1,230000,230000
27195,055410197901,01,1,57600,57600
27196,055410197901,01,1,57600,57600
27197,055410197901,01,1,57600,57600
27198,055410197901,02,10,10200,304700
27198,055410197901,03,2,44200,88400
27198,055410197901,06,1,145100,145100
27198,055410197901,14,1,1463000,1463000
27199,055410197901,01,1,57600,57600
27200,055410197901,01,1,57600,57600
27200,055410197901,03,1,26300,26300
27200,055410197901,14,1,877800,877800
27201,055410197901,02,6,14000,147100
27202,055410197901,02,7,14000,139200
27203,055410197901,01,1,57600,57600
27204,055410197901,01,1,57600,57600
27204,055410197901,02,1,35000,35000
27204,055410197901,03,1,55000,55000
27205,055410197901,02,1,230000,230000
27206,055410197901,01,1,57600,57600
27207,055410197901,02,1,230000,230000
27208,055410197901,01,1,57600,57600
27208,055410197901,02,2,35000,70000
27208,055410197901,03,1,55000,55000
27208,055410197901,14,1,877800,877800
27209,055410197901,02,1,230000,230000
27210,055410197901,02,1,230000,230000
27211,055410197901,02,1,230000,230000
27212,055410197901,02,1,230000,230000
27213,055410197901,02,1,230000,230000
27214,055410197901,02,1,230000,230000
27215,055410197901,02,1,230000,230000
27216,055410197901,02,1,230000,230000
27217,055410197901,02,1,230000,230000
27218,055410197901,02,1,230000,230000
27219,055410197901,02,1,230000,230000
27220,055410197901,02,1,230000,230000
27221,055410197901,02,1,230000,230000
27222,055410197901,02,1,230000,230000
27223,055410197901,02,1,230000,230000
27224,055410197901,02,1,230000,230000
27225,055410197901,02,1,230000,230000
27226,055410197901,02,1,230000,230000
27227,055410197901,02,1,230000,230000
27228,055410197901,02,1,230000,230000
27230,055410197901,02,1,230000,230000
27231,055410197901,02,1,230000,230000
27232,055410197901,03,7,16000,112000
27233,055410197901,01,1,57600,57600
27233,055410197901,03,2,16400,71400
27233,055410197901,08,1,48000,48000
27235,055410197901,02,1,35000,35000
27236,055410197901,01,1,35100,35100
27238,055410197901,01,1,35100,35100
27239,055410197901,01,1,35100,35100
27240,055410197901,01,1,35100,35100
27241,055410197901,02,1,42750,42750
27242,055410197901,02,1,42750,42750
27243,055410197901,01,1,57600,57600
27243,055410197901,03,1,122900,122900
27244,055410197901,01,1,57600,57600
27245,055410197901,01,1,57600,57600
27245,055410197901,03,3,16400,126400
27245,055410197901,08,1,48000,48000
27245,055410197901,14,1,877800,877800
27246,055410197901,01,1,57600,57600
27247,055410197901,01,1,57600,57600
27248,055410197901,01,1,57600,57600
27248,055410197901,02,3,15500,87200
27249,055410197901,01,1,57600,57600
27249,055410197901,02,2,35000,70000
27249,055410197901,03,1,55000,55000
27249,055410197901,08,1,20800,20800
27250,055410197901,02,2,24300,73700
27250,055410197901,14,1,1463000,1463000
27251,055410197901,01,1,57600,57600
27251,055410197901,03,2,16400,83750
27251,055410197901,08,1,48000,48000
27252,055410197901,01,1,57600,57600
27253,055410197901,01,1,35100,35100
27254,055410197901,01,1,35100,35100
27255,055410197901,02,1,35000,35000
27256,055410197901,01,1,35100,35100
27257,055410197901,02,1,230000,230000
27259,055410197901,01,1,57600,57600
27260,055410197901,02,1,230000,230000
27261,055410197901,08,3,20800,62400
27263,055410197901,01,1,57600,57600
27264,055410197901,02,1,230000,230000
27265,055410197901,01,1,35100,35100
27267,055410197901,02,6,14000,114600
27268,055410197901,01,2,19000,38000
27270,055410197901,01,1,35100,35100
27271,055410197901,01,1,35100,35100
27272,055410197901,01,1,57600,57600
27272,055410197901,02,1,35000,35000
27272,055410197901,14,1,877800,877800
27273,055410197901,02,1,230000,230000
27274,055410197901,02,1,230000,230000
27275,055410197901,02,1,230000,230000
27276,055410197901,02,1,230000,230000
27277,055410197901,02,1,280000,280000
27278,055410197901,01,1,57600,57600
27279,055410197901,01,1,19000,19000
27280,055410197901,01,1,19000,19000
27281,055410197901,01,1,19000,19000
27282,055410197901,01,1,35100,35100
27283,055410197901,01,1,17100,17100
27284,055410197901,01,4,57600,230400
27284,055410197901,02,6,11700,138800
27284,055410197901,03,1,16400,16400
27284,055410197901,08,2,48000,114100
27285,055410197901,01,16,15000,389900
27285,055410197901,02,126,14000,3337500
27285,055410197901,03,971,100,2166300
27285,055410197901,07,140,500,81600
27285,055410197901,08,1,20800,20800